[gd_scene load_steps=2 format=2]

[ext_resource path="res://src/weapons/common/raycasts.gd" type="Script" id=1]

[node name="RayCasts" type="Node3D"]
script = ExtResource( 1 )

[node name="RayCast0" type="RayCast3D" parent="."]
enabled = true
target_position = Vector3( 0, 0, -100 )
collision_mask = 2
collide_with_areas = true
collide_with_bodies = false

[node name="RayCast1" type="RayCast3D" parent="."]
transform = Transform3D( 0.99863, 0, 0.052336, 0, 1, 0, -0.052336, 0, 0.99863, 0, 0, 0 )
enabled = true
target_position = Vector3( 0, 0, -100 )
collision_mask = 2
collide_with_areas = true
collide_with_bodies = false

[node name="RayCast2" type="RayCast3D" parent="."]
transform = Transform3D( 0.99863, 0, -0.052336, 0, 1, 0, 0.052336, 0, 0.99863, 0, 0, 0 )
enabled = true
target_position = Vector3( 0, 0, -100 )
collision_mask = 2
collide_with_areas = true
collide_with_bodies = false

[node name="RayCast3" type="RayCast3D" parent="."]
transform = Transform3D( 1, 0, 0, 0, 0.99863, 0.052336, 0, -0.052336, 0.99863, 0, 0, 0 )
enabled = true
target_position = Vector3( 0, 0, -100 )
collision_mask = 2
collide_with_areas = true
collide_with_bodies = false

[node name="RayCast4" type="RayCast3D" parent="."]
transform = Transform3D( 0.99863, 0.00273905, -0.0522642, 0, 0.99863, 0.052336, 0.052336, -0.0522642, 0.997261, 0, 0, 0 )
enabled = true
target_position = Vector3( 0, 0, -100 )
collision_mask = 2
collide_with_areas = true
collide_with_bodies = false

[node name="RayCast5" type="RayCast3D" parent="."]
transform = Transform3D( 0.99863, -0.00273905, 0.0522642, 0, 0.99863, 0.052336, -0.052336, -0.0522642, 0.997261, 0, 0, 0 )
enabled = true
target_position = Vector3( 0, 0, -100 )
collision_mask = 2
collide_with_areas = true
collide_with_bodies = false

[node name="RayCast6" type="RayCast3D" parent="."]
transform = Transform3D( 1, 0, 0, 0, 0.99863, -0.052336, 0, 0.052336, 0.99863, 0, 0, 0 )
enabled = true
target_position = Vector3( 0, 0, -100 )
collision_mask = 2
collide_with_areas = true
collide_with_bodies = false

[node name="RayCast7" type="RayCast3D" parent="."]
transform = Transform3D( 0.99863, -0.00273905, -0.0522642, 0, 0.99863, -0.052336, 0.052336, 0.0522642, 0.997261, 0, 0, 0 )
enabled = true
target_position = Vector3( 0, 0, -100 )
collision_mask = 2
collide_with_areas = true
collide_with_bodies = false

[node name="RayCast8" type="RayCast3D" parent="."]
transform = Transform3D( 0.99863, 0.00273905, 0.0522642, 0, 0.99863, -0.052336, -0.052336, 0.0522642, 0.997261, 0, 0, 0 )
enabled = true
target_position = Vector3( 0, 0, -100 )
collision_mask = 2
collide_with_areas = true
collide_with_bodies = false
